1562559 0.0
   3115 0.01
   1044 0.02
    429 0.03
    208 0.04
    631 0.05
    121 0.06
    124 0.07
    939 0.08
    170 0.09
   1256 0.1
    272 0.11
    105 0.12
     44 0.13
     53 0.14
    352 0.15
     24 0.16
     24 0.17
     80 0.18
     18 0.19
   1417 0.2
     35 0.21
    149 0.22
     18 0.23
     21 0.24
    166 0.25
     18 0.26
     19 0.27
     38 0.28
     19 0.29
    165 0.3
     19 0.31
     29 0.32
     47 0.33
     20 0.34
     31 0.35
     15 0.36
     14 0.37
     21 0.38
     14 0.39
     87 0.4
     27 0.41
      7 0.42
     18 0.43
     21 0.44
     30 0.45
     11 0.46
     22 0.47
     11 0.48
    544 0.49
   4014 0.5
     25 0.51
    595 0.52
     12 0.53
    517 0.54
    159 0.55
    372 0.56
    172 0.57
     79 0.58
    510 0.59
     99 0.6
     23 0.61
    472 0.62
     12 0.63
    422 0.64
     51 0.65
    293 0.66
    142 0.67
     22 0.68
    400 0.69
   5265 0.7
     32 0.71
    335 0.72
      7 0.73
    395 0.74
   1325 0.75
    252 0.76
    137 0.77
    136 0.78
    327 0.79
   1097 0.8
     36 0.81
    319 0.82
     97 0.83
    238 0.84
    106 0.85
    262 0.86
     62 0.87
    305 0.88
    171 0.89
    544 0.9
     17 0.91
    171 0.92
   5605 0.93
    211 0.94
     99 0.95
    108 0.96
     83 0.97
   5723 0.98
    267 0.99
 267339 1.0
  21705 10.0
     44 100.0
     52 10.01
     30 10.02
     79 10.03
      3 10.04
    568 10.05
    420 10.06
     55 10.07
   1189 10.08
      3 100.8
      6 10.09
    156 1.01
    760 10.1
      1 101.0
     19 10.11
     12 10.12
      7 10.13
    202 10.14
    536 10.15
    377 10.16
     13 10.17
    798 10.18
      5 10.19
    264 1.02
    455 10.2
      3 10.21
      9 10.22
      1 102.27
    404 10.23
      7 10.24
    490 10.25
      1 102.5
    368 10.26
      3 10.27
    698 10.28
    145 10.29
   5642 1.03
    157 10.3
      1 103.0
      1 103.02
     15 10.31
    219 10.32
     92 10.33
      9 10.34
    597 10.35
    654 10.36
    640 10.38
      5 10.39
    135 1.04
    190 10.4
     10 10.41
     11 10.42
      2 10.43
    202 10.44
    834 10.45
    355 10.46
      9 10.47
   1179 10.48
      4 10.49
     97 1.05
     63 10.5
      1 105.0
      4 10.51
     17 10.52
      1 10.53
      5 10.54
    594 10.55
    810 10.56
     34 10.57
    795 10.58
    152 10.59
    171 1.06
    613 10.6
     40 10.61
     15 10.62
    125 10.63
      4 10.64
    402 10.65
    385 10.66
      5 10.67
    516 10.68
      2 10.69
     61 1.07
    434 10.7
     10 10.71
      8 10.72
    380 10.73
    173 10.74
    354 10.75
    314 10.76
      4 10.77
    653 10.78
      1 10.79
   7394 1.08
    210 10.8
     10 10.81
    206 10.82
     11 10.83
     10 10.84
    565 10.85
    567 10.86
      3 10.87
    571 10.88
    150 10.89
    138 1.09
    137 10.9
      8 10.91
      7 10.92
    120 10.93
      4 10.94
    512 10.95
    296 10.96
      5 10.97
    803 10.98
      2 10.99
   2264 1.1
   1063 11.0
      6 110.0
     16 11.01
      1 110.11
     13 11.02
      1 11.03
    127 11.04
   3303 11.05
   8186 11.06
     42 11.07
    693 11.08
      5 11.09
   1924 1.11
    525 11.1
      3 111.0
    105 11.11
      1 111.11
     11 11.12
      5 11.13
      5 11.14
    339 11.15
    267 11.16
    367 11.18
    117 11.19
    617 1.12
    371 11.2
      1 112.0
     10 11.21
     18 11.22
      1 112.2
    449 11.23
      5 11.24
    184 11.25
    216 11.26
      5 11.27
    329 11.28
      2 11.29
   5182 1.13
    142 11.3
      1 113.0
     11 11.31
    180 11.32
      3 11.33
    117 11.34
    386 11.35
    464 11.36
      4 11.37
    429 11.38
      3 11.39
    164 1.14
     55 11.4
      3 11.41
      7 11.42
      6 11.43
      6 11.44
    520 11.45
    302 11.46
    607 11.48
     97 11.49
    217 1.15
    126 11.5
      2 115.0
      6 11.51
     10 11.52
    129 11.53
      1 11.54
    185 11.55
    201 11.56
     22 11.57
    422 11.58
      4 11.59
     86 1.16
    424 11.6
      5 11.61
      4 11.62
      1 116.28
      2 11.63
    108 11.64
    264 11.65
    213 11.66
      1 116.62
      5 11.67
    359 11.68
      4 11.69
     79 1.17
    242 11.7
     35 11.71
      5 11.72
    277 11.73
      8 11.74
   1343 11.75
    188 11.76
      4 11.77
      1 117.77
   3939 11.78
     93 11.79
   5814 1.18
    141 11.8
      3 11.81
    110 11.82
    126 11.83
      2 11.84
    276 11.85
    364 11.86
     49 11.87
    235 11.88
      4 11.89
    159 1.19
     96 11.9
      3 11.91
      4 11.92
      4 11.93
     77 11.94
    982 11.95
      1 119.59
   1652 11.96
      7 11.97
    566 11.98
  29705 1.2
   2073 12.0
      5 120.0
      7 12.01
     10 12.02
      2 12.03
      7 12.04
    234 12.05
    164 12.06
     12 12.07
    356 12.08
     79 12.09
    196 1.21
    384 12.1
     12 12.11
     33 12.12
    121 12.13
      5 12.14
    174 12.15
    187 12.16
      4 12.17
      1 121.75
    184 12.18
    257 1.22
    269 12.2
    199 12.21
     13 12.22
    206 12.23
     73 12.24
  10710 12.25
    144 12.26
      8 12.27
  30546 12.28
     11 12.29
   4714 1.23
    110 12.3
      4 12.31
     75 12.32
      7 12.33
     58 12.34
    220 12.35
    336 12.36
      3 12.37
    170 12.38
     72 12.39
    753 1.24
    142 12.4
      5 12.41
     11 12.42
    115 12.43
     33 12.44
    350 12.45
    311 12.46
      7 12.47
    316 12.48
      2 12.49
   7521 1.25
    120 12.5
      1 125.0
      9 12.51
     10 12.52
     91 12.54
    152 12.55
    350 12.56
     30 12.57
    333 12.58
      1 12.59
    143 1.26
    244 12.6
     16 12.61
     10 12.62
      5 12.63
      5 12.64
    380 12.65
    190 12.66
      5 12.67
    820 12.68
     62 12.69
    188 1.27
    232 12.7
      5 12.71
     12 12.72
    317 12.73
      2 12.74
     62 12.75
    172 12.76
      1 127.69
      2 12.77
    102 12.78
   4562 1.28
     96 12.8
      4 12.81
     70 12.82
      2 12.83
     89 12.84
    197 12.85
    256 12.86
      4 12.87
    199 12.88
      1 12.89
    112 1.29
     52 12.9
      5 12.91
     13 12.92
      4 12.93
     22 12.94
    236 12.95
    242 12.96
      7 12.97
    221 12.98
     61 12.99
   2374 1.3
    601 13.0
      2 130.0
     17 13.01
     14 13.02
    116 13.03
      1 13.04
    340 13.05
    713 13.06
     10 13.07
    161 13.08
      2 13.09
     23 1.31
    302 13.1
     51 13.11
     18 13.12
     12 13.13
     66 13.14
   2476 13.15
    721 13.16
     10 13.17
   6547 13.18
      5 13.19
   9886 1.32
    313 13.2
      9 13.21
      4 13.22
    137 13.23
     80 13.24
    161 13.25
    187 13.26
     13 13.27
     68 13.28
     49 13.29
   4100 1.33
     94 13.3
      4 13.31
     81 13.32
    112 13.33
     21 13.34
    113 13.35
    278 13.36
      5 13.37
     50 13.38
      1 13.39
    239 1.34
     51 13.4
      4 13.41
      1 13.42
      4 13.43
      1 134.34
     61 13.44
    236 13.45
    125 13.46
      8 13.47
    272 13.48
    329 1.35
     73 13.5
      1 135.0
     66 13.51
      5 13.52
      7 13.53
      6 13.54
    121 13.55
    301 13.56
     14 13.57
    152 13.58
     54 13.59
    620 1.36
    213 13.6
      5 13.61
      7 13.62
    109 13.63
      3 13.64
    144 13.65
    318 13.66
      1 13.67
     70 13.68
     65 1.37
    140 13.7
      6 13.71
     12 13.72
    110 13.73
     67 13.74
     89 13.75
    236 13.76
      5 13.77
    178 13.78
      1 13.79
   3795 1.38
    765 13.8
      1 138.0
      3 13.81
   1954 13.82
     17 13.83
     11 13.84
    153 13.85
    230 13.86
      1 13.87
     61 13.88
     51 13.89
     77 1.39
     73 13.9
      3 13.91
      8 13.92
    103 13.93
      3 13.94
    161 13.95
    224 13.96
      1 13.97
    126 13.98
      2 13.99
  12325 1.4
    406 14.0
      2 140.0
      4 14.01
      2 14.02
      3 14.03
     45 14.04
    141 14.05
    184 14.06
     16 14.07
    184 14.08
      1 140.86
      1 14.09
    155 1.41
    111 14.1
      4 14.11
      1 141.14
      7 14.12
      8 14.13
     11 14.14
     93 14.15
    179 14.16
      2 14.17
     47 14.18
     39 14.19
    539 1.42
    112 14.2
      4 14.21
      6 14.22
    143 14.23
      1 14.24
     69 14.25
    138 14.26
      1 14.27
     89 14.28
      2 14.29
   3503 1.43
     50 14.3
      6 14.31
     79 14.32
      7 14.33
     39 14.34
    129 14.35
    190 14.36
      4 14.37
    144 14.38
      1 14.39
    116 1.44
     34 14.4
     18 14.41
      6 14.42
      8 14.43
      9 14.44
    170 14.45
    163 14.46
      3 14.47
    111 14.48
     36 14.49
    186 1.45
     42 14.5
      3 14.51
      9 14.52
     75 14.53
      7 14.54
     59 14.55
    155 14.56
      9 14.57
      1 145.7
     73 14.58
      2 14.59
    188 1.46
    115 14.6
      7 14.61
      6 14.62
      2 14.63
     43 14.64
     88 14.65
    141 14.66
      1 14.67
     97 14.68
  11031 1.47
    384 14.7
      4 14.71
      9 14.72
    860 14.73
      1 147.36
      7 14.74
     60 14.75
    141 14.76
      1 14.77
     61 14.78
     32 14.79
   3599 1.48
     58 14.8
      9 14.81
     45 14.82
     74 14.83
      1 148.3
      6 14.84
     65 14.85
    136 14.86
      1 14.87
     66 14.88
      1 14.89
    147 1.49
    217 14.9
      4 14.91
      5 14.92
      3 14.93
     27 14.94
    513 14.95
    103 14.96
     10 14.97
    158 14.98
      4 14.99
  80391 1.5
   2729 15.0
      2 150.0
      1 150.08
     19 15.01
      4 15.02
      6 15.03
      6 15.04
    149 15.05
    174 15.06
     12 15.07
     91 15.08
     41 15.09
    128 1.51
     95 15.1
      6 15.11
      6 15.12
     57 15.13
      5 15.14
     60 15.15
    153 15.16
      1 15.17
     32 15.18
      3 15.19
     79 1.52
     93 15.2
      6 15.21
      6 15.22
     49 15.23
     34 15.24
     61 15.25
    141 15.26
     74 15.28
      2 15.29
   2921 1.53
     23 15.3
      4 15.31
     39 15.32
      2 15.33
      3 15.34
   3435 15.35
   5195 15.36
      5 15.37
     29 15.38
     28 15.39
   7675 1.54
     58 15.4
      4 15.41
      4 15.42
     68 15.43
      4 15.44
     84 15.45
     86 15.46
      2 15.47
     54 15.48
      1 15.49
   3949 1.55
     73 15.5
      7 15.51
      2 15.52
      1 15.53
     32 15.54
     97 15.55
    102 15.56
      8 15.57
    132 15.58
      1 15.59
    170 1.56
     57 15.6
      7 15.61
      9 15.62
      4 15.63
      1 15.64
     50 15.65
    121 15.66
      1 15.67
     24 15.68
     13 15.69
    143 1.57
    118 15.7
      8 15.71
      2 15.72
     69 15.73
      4 15.74
     48 15.75
    108 15.76
     19 15.78
      6 15.79
   4475 1.58
     77 15.8
      3 15.81
     71 15.82
      3 15.83
     78 15.84
    146 15.85
    285 15.86
      3 15.87
     85 15.88
      1 158.82
      4 15.89
    129 1.59
     22 15.9
      3 15.91
      7 15.92
      9 15.93
      6 15.94
     98 15.95
     97 15.96
      2 15.97
     47 15.98
     27 15.99
   1994 1.6
    194 16.0
     11 16.01
      8 16.02
     49 16.03
      6 16.04
     69 16.05
    109 16.06
     12 16.07
     45 16.08
      3 16.09
      3 1.61
     43 16.1
      3 16.11
      9 16.12
      7 16.13
     30 16.14
     59 16.15
    118 16.16
      2 16.17
     57 16.18
      3 16.19
  10570 1.62
     79 16.2
      7 16.21
      9 16.22
     24 16.23
      6 16.24
     63 16.25
     85 16.26
      1 16.27
     13 16.28
     17 16.29
   2368 1.63
     67 16.3
      7 16.31
    146 16.32
     41 16.33
      6 16.34
     42 16.35
     97 16.36
      2 16.37
     26 16.38
     10 16.39
     23 1.64
     34 16.4
      8 16.41
      6 16.42
      9 16.43
     19 16.44
    677 16.45
     91 16.46
      1 16.47
   1509 16.48
      5 16.49
    339 1.65
     17 16.5
      5 16.51
      8 16.52
      4 16.53
      6 16.54
    302 16.55
    124 16.56
      3 16.57
     46 16.58
    606 16.59
    672 1.66
     47 16.6
      5 16.61
     10 16.62
     20 16.63
      7 16.64
     39 16.65
    123 16.66
      1 16.67
     23 16.68
      2 16.69
   1084 1.67
     60 16.7
      4 16.71
      1 16.72
     18 16.73
     27 16.74
     63 16.75
     79 16.76
      1 16.77
     49 16.78
      4 16.79
   2230 1.68
     25 16.8
      2 16.81
     25 16.82
      3 16.83
      2 16.84
     49 16.85
     96 16.86
     28 16.88
     27 16.89
     84 1.69
     30 16.9
      5 16.91
      7 16.92
     32 16.93
      5 16.94
     90 16.95
     73 16.96
     26 16.98
      2 16.99
  30873 1.7
    131 17.0
      4 17.01
      9 17.02
      2 17.03
     21 17.04
     72 17.05
     90 17.06
      5 17.07
     87 17.08
      2 17.09
     14 1.71
     24 17.1
     12 17.11
     16 17.12
      1 17.13
      4 17.14
     68 17.15
    115 17.16
     21 17.18
     38 17.19
    401 1.72
     52 17.2
      5 17.21
      5 17.22
     29 17.23
      8 17.24
     41 17.25
     80 17.26
      1 17.27
     14 17.28
      1 17.29
   2142 1.73
     26 17.3
      6 17.31
     52 17.32
      2 17.33
     20 17.34
     48 17.35
     93 17.36
      2 17.37
     34 17.38
      1 17.39
     68 1.74
     17 17.4
      5 17.41
      3 17.42
      1 17.43
      7 17.44
     69 17.45
     75 17.46
      1 17.47
     24 17.48
     11 17.49
  34620 1.75
     28 17.5
      5 17.51
      6 17.52
     25 17.53
      5 17.54
     51 17.55
     87 17.56
      8 17.57
     45 17.58
      1 17.59
  75461 1.76
     19 17.6
     10 17.61
      9 17.62
     17 17.64
    137 17.65
     75 17.66
    222 17.68
      1 17.69
   9503 1.77
     60 17.7
      1 17.71
      2 17.72
      4 17.73
      6 17.74
     46 17.75
     68 17.76
      1 17.77
     13 17.78
     12 17.79
   2085 1.78
     30 17.8
      5 17.81
     32 17.82
     15 17.83
      1 17.84
     42 17.85
     87 17.86
      2 17.87
      1 178.73
     14 17.88
      1 17.89
    153 1.79
     69 17.9
      2 17.91
      6 17.92
    138 17.94
     55 17.95
     59 17.96
      2 17.97
     36 17.98
   5070 1.8
    217 18.0
      1 180.0
     13 18.01
      3 18.02
      2 18.03
      6 18.04
     58 18.05
     88 18.06
      7 18.07
     32 18.08
     19 18.09
     94 1.81
     17 18.1
      8 18.11
      5 18.12
     18 18.13
     12 18.14
     44 18.15
     86 18.16
     12 18.18
     50 1.82
     42 18.2
      2 18.21
      2 18.22
      6 18.23
     17 18.24
      1 182.46
     38 18.25
     61 18.26
      1 18.27
     26 18.28
      2 18.29
   1638 1.83
     13 18.3
      4 18.31
     47 18.32
      4 18.34
     30 18.35
     55 18.36
      1 18.37
      9 18.38
     11 18.39
   6367 1.84
    576 18.4
      2 18.41
     10 18.42
   1492 18.43
      5 18.44
     37 18.45
     66 18.46
     23 18.48
  36736 1.85
     14 18.5
      2 18.51
      7 18.52
      1 18.53
     16 18.54
     43 18.55
     57 18.56
      4 18.57
     42 18.58
      1 18.59
  82970 1.86
     21 18.6
      6 18.61
      2 18.62
      2 18.63
      4 18.64
     38 18.65
     69 18.66
      5 18.67
      9 18.68
     26 18.69
     20 1.87
     39 18.7
      7 18.71
      7 18.72
     12 18.73
      4 18.74
     27 18.75
     43 18.76
     10 18.78
      2 18.79
   2122 1.88
     31 18.8
      6 18.81
     30 18.82
      1 18.83
     27 18.84
     29 18.85
     40 18.86
      2 18.87
     31 18.88
      1 18.89
    116 1.89
     15 18.9
      1 18.91
      1 18.92
      2 18.93
      3 18.94
     49 18.95
     47 18.96
      2 18.97
     18 18.98
     16 18.99
    881 1.9
     57 19.0
      3 19.01
      4 19.02
     68 19.03
      2 19.04
     41 19.05
     77 19.06
      4 19.07
     18 19.08
     13 1.91
      8 19.1
      7 19.11
      4 19.12
     21 19.14
     33 19.15
     53 19.16
     12 19.18
      1 19.19
   8560 1.92
     27 19.2
      3 19.21
      6 19.22
      4 19.23
      4 19.24
     25 19.25
     39 19.26
      2 19.27
     10 19.28
     10 19.29
   1273 1.93
     19 19.3
      1 19.31
     28 19.32
     13 19.33
      2 19.34
     20 19.35
     51 19.36
      1 19.37
     12 19.38
      1 19.39
    860 1.94
     14 19.4
      4 19.42
      1 19.43
     17 19.44
     42 19.45
     42 19.46
     15 19.48
  34061 1.95
     11 19.5
      2 195.0
      5 19.51
      2 19.53
      2 19.54
     43 19.55
     44 19.56
      4 19.57
     20 19.58
     44 19.59
  85667 1.96
      8 19.6
      4 19.61
      2 19.62
     11 19.63
      3 19.64
     33 19.65
     64 19.66
      7 19.67
      7 19.68
      1 19.69
     80 1.97
     29 19.7
      2 19.71
      1 19.72
      7 19.73
     49 19.74
    170 19.75
     30 19.76
      1 19.77
    479 19.78
      1 19.79
   1202 1.98
     20 19.8
     25 19.82
      4 19.83
      1 19.84
     26 19.85
     45 19.86
      5 19.87
      9 19.88
     17 19.89
    192 1.99
     15 19.9
      2 19.91
      2 19.92
      7 19.93
      3 19.94
     35 19.95
     18 19.96
      8 19.98
      2 19.99
 239321 2.0
   1976 20.0
     10 200.0
      1 200.08
      5 20.01
      1 200.18
      8 20.02
      3 20.03
     14 20.04
     47 20.05
     58 20.06
      5 20.07
     51 20.08
      1 200.8
    228 2.01
      6 20.1
      6 20.11
      2 20.13
      6 20.14
     20 20.15
     52 20.16
      7 20.18
      5 20.19
    316 2.02
     56 20.2
      4 20.22
      5 20.23
      2 20.24
     10 20.25
     22 20.26
      1 20.27
      8 20.28
      1 20.29
   1924 2.03
     18 20.3
      2 20.31
     26 20.32
     13 20.34
     11 20.35
     29 20.36
     13 20.38
     34 2.04
     17 20.4
      2 20.41
      2 20.42
      1 20.44
     35 20.45
     19 20.46
      6 20.48
     16 20.49
  40136 2.05
      8 20.5
      2 20.51
      3 20.52
      7 20.53
      1 20.54
     20 20.55
     50 20.56
      6 20.57
     25 20.58
  86865 2.06
      9 20.6
      2 20.61
      8 20.62
     15 20.64
     12 20.65
     37 20.66
      7 20.68
      3 20.69
   7050 2.07
     36 20.7
      3 20.71
      2 20.72
      6 20.73
      1 20.74
     17 20.75
     22 20.76
      1 20.77
      4 20.78
      8 20.79
  14865 2.08
     30 20.8
      1 20.81
     23 20.82
      1 20.83
      2 20.84
     15 20.85
     24 20.86
     11 20.88
    194 2.09
     18 20.9
      1 20.91
      5 20.92
     10 20.94
     31 20.95
     18 20.96
     10 20.98
      1 20.99
    435 2.1
     34 21.0
      3 21.01
      1 21.03
     20 21.05
     35 21.06
      4 21.07
     17 21.08
      9 21.09
     55 2.11
      9 21.1
      2 21.11
      3 21.12
      5 21.13
      4 21.14
     13 21.15
     29 21.16
      1 21.17
      9 21.18
    924 2.12
     22 21.2
      4 21.23
      9 21.24
      8 21.25
     13 21.26
      2 21.27
      7 21.28
    942 2.13
     17 21.3
     29 21.32
     11 21.35
     15 21.36
      1 21.37
      5 21.38
     15 21.39
   4616 2.14
     19 21.4
      1 21.41
      4 21.43
     30 21.45
     15 21.46
      2 21.47
      7 21.48
      1 21.49
  35468 2.15
     10 21.5
      1 21.51
      3 21.52
      7 21.54
     12 21.55
     30 21.56
      2 21.57
     17 21.58
  84008 2.16
      5 21.6
      2 21.61
      1 21.62
      2 21.64
     15 21.65
     27 21.66
      1 21.67
      2 21.68
      4 21.69
     11 2.17
     23 21.7
      1 21.71
      3 21.73
      1 21.74
     10 21.75
     18 21.76
      1 21.77
      7 21.78
   1035 2.18
     17 21.8
      3 21.81
     17 21.82
      1 21.83
      8 21.84
      9 21.85
     18 21.86
      1 21.87
     11 21.88
      1 21.89
     28 2.19
     10 21.9
      1 21.92
      1 21.94
     23 21.95
     17 21.96
      1 21.97
      8 21.98
      4 21.99
  33926 2.2
    105 22.0
      1 220.0
      1 22.01
      3 22.03
      1 22.04
     17 22.05
     27 22.06
      4 22.07
     20 22.08
    872 2.21
      5 22.1
      2 22.11
      5 22.12
      9 22.14
     15 22.15
     26 22.16
      1 22.17
      9 22.18
   7030 2.22
     25 22.2
      2 22.21
     16 22.22
      1 222.22
      1 22.23
     11 22.25
      9 22.26
      6 22.28
      8 22.29
    818 2.23
     18 22.3
      1 22.31
     14 22.32
      8 22.33
      8 22.35
     14 22.36
      9 22.38
     21 2.24
      8 22.4
      4 22.41
      2 22.42
      5 22.44
     22 22.45
     17 22.46
      4 22.48
      1 22.49
  34082 2.25
      8 22.5
      1 225.0
      4 22.51
      5 22.52
      1 22.53
     23 22.55
     14 22.56
      4 22.57
     10 22.58
     22 22.59
  81187 2.26
      5 22.6
      1 22.62
      1 22.63
      1 22.64
     12 22.65
     17 22.66
      4 22.68
      1 22.69
     30 2.27
     18 22.7
      3 22.71
      2 22.73
      9 22.74
     12 22.75
     19 22.76
      2 22.77
      9 22.78
    861 2.28
     12 22.8
      1 22.81
     19 22.82
      7 22.85
     13 22.86
     10 22.88
      7 22.89
     99 2.29
      8 22.9
      1 22.91
      1 22.92
      2 22.94
     13 22.95
      8 22.96
      1 229.7
      5 22.98
  15216 2.3
     42 23.0
      5 23.01
      5 23.02
      8 23.04
      7 23.05
     26 23.06
      3 23.07
     15 23.08
     44 2.31
      4 23.1
      4 23.11
      2 23.12
      1 23.13
     14 23.15
     19 23.16
      3 23.18
      5 23.19
  12171 2.32
     12 23.2
      1 23.22
      4 23.23
      9 23.25
     15 23.26
      5 23.28
   3999 2.33
      6 23.3
     20 23.32
      2 23.33
      6 23.34
      6 23.35
     11 23.36
      2 23.37
     14 23.38
   4923 2.34
      6 23.4
      1 23.41
      2 23.42
      1 23.43
     22 23.45
     11 23.46
      1 23.47
      5 23.48
     10 23.49
  30474 2.35
      4 23.5
      2 23.52
      2 23.53
      9 23.55
      9 23.56
      5 23.57
     16 23.58
  77168 2.36
      8 23.6
      1 23.62
     13 23.64
      7 23.65
     13 23.66
      1 23.67
      7 23.68
      1 23.69
   4841 2.37
      7 23.7
      2 23.71
      2 23.72
      5 23.73
      6 23.75
      9 23.76
      1 23.77
      4 23.78
      6 23.79
    791 2.38
      8 23.8
     12 23.82
      2 23.83
      1 23.84
      2 23.85
      6 23.86
      1 23.87
      5 23.88
    689 2.39
      6 23.9
      1 239.0
      2 23.91
      9 23.94
     15 23.95
      8 23.96
      5 23.98
    626 2.4
     32 24.0
      2 24.02
      1 24.03
     21 24.05
     30 24.06
      2 24.07
     11 24.08
      7 24.09
     14 2.41
      6 24.1
      2 24.11
      3 24.13
      1 24.14
     11 24.15
     18 24.16
      1 24.17
      1 24.18
     57 2.42
     14 24.2
      1 24.21
      3 24.23
     13 24.24
      2 24.25
      8 24.26
      1 24.27
     12 24.28
    697 2.43
      7 24.3
      2 24.31
      8 24.32
      8 24.35
      3 24.36
      2 24.38
      4 24.39
   3167 2.44
     12 24.4
      1 24.41
      2 24.42
     12 24.45
      6 24.46
      3 24.48
  55395 2.45
      7 24.5
      1 24.51
      1 24.52
      6 24.54
      6 24.55
     12 24.56
      5 24.57
     16 24.58
  73606 2.46
      2 24.6
      1 24.61
      2 24.62
      1 24.63
      6 24.65
     21 24.66
      3 24.68
      5 24.69
     42 2.47
     10 24.7
      2 24.72
      1 24.73
      1 24.74
      4 24.75
      2 24.76
      1 24.78
   1082 2.48
      8 24.8
      3 24.81
      5 24.82
      4 24.84
      7 24.85
      6 24.86
      5 24.88
   5692 2.49
      1 24.9
      1 24.92
      1 24.93
      8 24.95
      9 24.96
      5 24.98
      5 24.99
  26450 2.5
    436 25.0
      1 250.0
      1 25.01
      4 25.02
      2 25.04
     16 25.05
     13 25.06
      4 25.07
     10 25.08
     76 2.51
      5 25.1
      2 25.11
      1 25.12
     12 25.14
     10 25.15
      9 25.16
      1 25.17
      3 25.18
   4073 2.52
     12 25.2
      1 25.21
      1 25.22
      1 25.23
      1 25.24
      5 25.25
      9 25.26
      1 25.27
      4 25.28
      4 25.29
    517 2.53
      5 25.3
      6 25.32
      1 25.33
      6 25.35
      7 25.36
      9 25.38
      1 25.39
     22 2.54
      7 25.4
      2 25.41
      6 25.44
      9 25.45
      8 25.46
      1 25.47
      4 25.48
  32943 2.55
      4 25.5
      1 25.52
      1 25.54
     12 25.55
      4 25.56
      4 25.58
      8 25.59
  68640 2.56
      3 25.6
      2 25.61
      2 25.62
      1 25.63
      2 25.65
     12 25.66
      3 25.68
    648 2.57
     13 25.7
      1 25.71
      1 25.72
      1 25.73
      7 25.74
      2 25.75
      3 25.76
      2 25.77
      1 25.78
  14915 2.58
      9 25.8
      6 25.82
      1 25.83
      3 25.85
      4 25.86
      1 25.87
      7 25.88
      4 25.89
     44 2.59
      1 25.92
      1 25.93
      1 25.94
      6 25.95
      4 25.96
      5 25.98
   7104 2.6
     33 26.0
      1 26.01
      3 26.04
     11 26.05
     12 26.06
      2 26.07
      6 26.08
     39 2.61
      1 26.1
      1 26.11
      2 26.12
      1 26.14
     10 26.15
     12 26.16
      2 26.18
      5 26.19
    121 2.62
      7 26.2
      1 26.21
      2 26.22
      1 26.23
      4 26.25
      7 26.26
      2 26.27
      2 26.28
    419 2.63
     12 26.3
      1 26.31
      5 26.32
      2 26.35
      5 26.36
      1 26.37
      3 26.38
      1 26.39
   6372 2.64
      2 26.4
      1 26.41
      1 26.43
      1 26.44
     11 26.45
      2 26.48
      4 26.49
  25636 2.65
      5 26.5
      1 26.51
      2 26.53
      3 26.55
     10 26.56
      5 26.58
  64688 2.66
      8 26.6
      2 26.61
      5 26.64
      3 26.65
      9 26.66
   3235 2.67
      4 26.7
      3 26.71
      2 26.73
      8 26.75
     10 26.76
      1 26.77
      1 26.78
      2 26.79
    479 2.68
      5 26.8
      3 26.81
      2 26.82
      4 26.85
      3 26.86
      1 26.88
    160 2.69
      2 26.9
      2 26.91
      8 26.94
      6 26.95
      2 26.96
      1 26.97
      3 26.98
  26894 2.7
     36 27.0
      2 27.01
      1 27.03
      9 27.05
     10 27.06
      2 27.07
      5 27.08
      7 27.09
     41 2.71
      3 27.11
      1 27.13
      2 27.14
      1 27.15
     15 27.16
      3 27.18
     35 2.72
     14 27.2
      3 27.21
      3 27.23
      5 27.24
      2 27.25
      3 27.26
      1 27.27
      8 27.28
    369 2.73
      3 27.3
      1 27.31
      4 27.32
      1 27.34
      2 27.35
      4 27.36
      3 27.38
      3 27.39
   2033 2.74
      1 27.41
      1 27.42
      2 27.45
      5 27.48
  29138 2.75
      7 27.5
      2 27.51
      1 27.52
      1 27.54
      3 27.55
      2 27.56
      3 27.57
      7 27.58
  59860 2.76
      1 27.6
      1 27.61
      2 27.63
      1 27.64
      4 27.65
      5 27.66
      3 27.68
      3 27.69
    177 2.77
     10 27.7
      4 27.71
      5 27.76
      2 27.78
    330 2.78
      5 27.8
      3 27.84
      1 27.85
      1 27.87
      5 27.88
   6850 2.79
      2 27.91
      2 27.92
      1 27.93
      5 27.95
      2 27.96
      6 27.98
      4 27.99
   7442 2.8
     32 28.0
      1 28.01
      2 28.02
      3 28.05
      8 28.06
      1 28.07
      2 28.08
     18 2.81
      1 28.1
      2 28.11
      1 28.12
      6 28.14
      2 28.15
     10 28.16
      3 28.18
  13591 2.82
      7 28.2
      1 28.21
      1 28.22
      1 28.24
      3 28.25
      4 28.26
      5 28.28
      4 28.29
   3031 2.83
      3 28.3
      3 28.31
      3 28.32
      2 28.35
      1 28.36
      4 28.38
    468 2.84
      2 28.4
      2 28.41
      1 28.44
      9 28.45
      2 28.46
      3 28.48
  21929 2.85
      5 28.51
      1 28.52
      1 28.53
      2 28.55
      6 28.56
      1 28.57
      5 28.58
      3 28.59
  55151 2.86
      1 28.6
      3 28.61
      2 28.65
      4 28.66
      8 2.87
      5 28.7
      2 28.71
      8 28.74
      2 28.75
      7 28.76
      1 28.77
      2 28.78
    639 2.88
      5 28.8
      2 28.82
      4 28.85
      3 28.86
      7 28.88
      4 28.89
     30 2.89
      1 28.91
      1 28.92
      1 28.93
      1 289.45
      5 28.95
      2 28.96
      2 28.98
   5857 2.9
     15 29.0
      1 29.04
      8 29.05
      9 29.06
      3 29.08
     25 2.91
      5 29.1
      2 29.11
      2 29.15
      3 29.16
      2 29.18
      2 29.19
     79 2.92
      1 29.2
      1 29.21
      1 29.23
      4 29.25
      4 29.26
      2 29.28
    664 2.93
      2 29.3
      1 29.32
      1 29.34
      2 29.35
      4 29.36
      4 29.38
   6943 2.94
      2 29.4
      1 29.41
      2 29.45
      5 29.46
      1 29.47
      2 29.48
      3 29.49
  38792 2.95
      3 29.5
      2 29.51
      1 29.52
      1 29.53
      1 29.55
      2 29.56
      2 29.58
  50761 2.96
      2 29.6
      1 29.63
      1 29.65
      3 29.66
      4 29.68
   2204 2.97
      2 29.7
      1 297.0
      3 29.71
      2 29.73
      1 29.75
      7 29.76
      3 29.78
      1 29.79
    256 2.98
      5 29.8
      3 29.82
      1 29.83
      5 29.86
      3 29.88
     52 2.99
      2 29.9
      1 29.94
      4 29.95
      5 29.96
  76608 3.0
    314 30.0
      3 300.0
      3 30.03
     19 30.05
     10 30.06
      3 30.07
      8 30.08
      2 30.09
     32 3.01
      2 30.11
      4 30.15
      6 30.16
      1 30.18
    367 3.02
     11 30.2
      2 30.21
      1 30.22
      1 30.23
      5 30.24
      1 30.25
      3 30.26
      5 30.28
    277 3.03
      5 30.3
      1 30.35
      1 30.38
      1 30.39
   1446 3.04
      2 30.41
      3 30.45
      5 30.46
      1 30.49
  27377 3.05
      2 30.5
      1 30.54
      1 30.55
      8 30.56
      4 30.58
  46721 3.06
      1 30.6
     12 30.66
      1 30.68
      3 30.69
    135 3.07
      3 30.7
      2 30.75
      1 30.78
  13450 3.08
      6 30.8
      2 30.82
      3 30.84
      1 30.85
      1 30.86
      1 30.88
   6976 3.09
      2 30.96
      1 30.98
      4 30.99
    138 3.1
      7 31.0
      3 31.06
      2 31.07
      1 31.08
    386 3.11
      1 31.14
      3 31.16
      1 31.17
      1 31.19
   1922 3.12
      5 31.2
      2 31.22
      3 31.25
      6 31.26
      6 31.28
      1 31.29
    165 3.13
      4 31.3
      1 31.31
      3 31.32
      3 31.38
      1 31.39
     39 3.14
      1 31.4
      1 31.44
      4 31.45
      4 31.46
      2 31.48
  16649 3.15
      1 31.52
      3 31.55
      3 31.56
      1 31.57
      2 31.58
      3 31.59
  42171 3.16
      3 31.6
      1 31.61
      1 31.62
      1 31.65
     37 3.17
      3 31.7
      1 31.71
      1 31.73
      3 31.74
      4 31.78
      1 31.79
    174 3.18
      1 31.81
      1 31.82
      1 31.85
      4 31.88
     62 3.19
      2 31.95
      1 31.96
      2 31.98
  25267 3.2
     19 32.0
      7 32.05
      2 32.06
      3 32.08
     22 3.21
      1 32.1
      1 32.11
      1 32.15
      8 32.16
      1 32.18
      3 32.19
     91 3.22
      2 32.2
      2 32.22
      2 32.25
      2 32.26
    140 3.23
      1 32.3
      1 323.0
      3 32.34
      2 32.35
      1 32.36
      1 32.38
      1 32.39
   6614 3.24
      2 32.45
      5 32.48
      1 32.49
  15852 3.25
      2 32.5
      1 32.51
      1 32.52
      2 32.53
      4 32.55
      1 32.56
      3 32.58
  38938 3.26
      1 32.6
      1 32.61
      1 32.64
      7 32.66
      1 32.68
      1 32.69
   1596 3.27
      8 32.7
      1 32.72
      1 32.75
      2 32.76
      1 32.78
    229 3.28
      1 32.81
      1 32.82
      2 32.83
      1 32.85
      1 32.86
    329 3.29
      1 32.94
      3 32.95
      1 32.96
      1 32.98
   5185 3.3
     24 33.0
      2 33.05
      4 33.06
      1 33.08
      1 33.09
     13 3.31
      1 33.11
      1 33.16
      3 33.18
   8967 3.32
      3 33.2
      1 33.21
      1 33.22
      2 33.25
   2834 3.33
      5 33.32
      5 33.33
      1 33.34
      1 33.35
      1 33.36
      4 33.38
      2 33.39
   1027 3.34
      1 33.41
      1 33.42
      1 33.43
      2 33.45
      4 33.46
      5 33.48
  17235 3.35
      2 33.5
      1 33.51
      1 33.52
      2 33.54
      2 33.56
      1 33.58
  34987 3.36
      1 33.64
      1 33.65
      3 33.66
      1 33.67
      1 33.69
     57 3.37
      3 33.7
      1 33.73
      2 33.76
      4 33.78
    341 3.38
      3 33.8
      1 33.83
      1 33.84
      1 33.85
      2 33.86
      2 33.88
   6430 3.39
      2 33.95
      2 33.97
      3 33.98
      2 33.99
    167 3.4
      7 34.0
      1 34.01
      1 34.03
      1 34.04
      3 34.05
      3 34.06
      2 34.08
     21 3.41
      2 34.1
      3 34.14
      1 34.15
      2 34.16
      1 34.17
   1346 3.42
      2 34.2
      1 34.22
      1 34.23
      1 34.25
      1 34.29
    117 3.43
      4 34.3
      2 34.36
      4 34.38
     73 3.44
      1 34.4
      1 34.41
      1 34.42
      1 34.44
      1 34.45
      1 34.46
      2 34.48
  27364 3.45
      1 34.5
      1 34.51
      1 34.55
      2 34.56
      4 34.58
      2 34.59
  32177 3.46
      2 34.6
      1 34.66
      2 34.68
    218 3.47
      4 34.7
      2 34.71
      1 34.74
      1 34.75
      1 34.78
    127 3.48
      1 34.8
      1 34.85
      2 34.86
      2 34.89
     71 3.49
      1 34.95
      1 34.98
  11335 3.5
     73 35.0
      1 35.01
      4 35.05
      3 35.06
      4 35.08
     22 3.51
      3 35.11
      2 35.15
      1 35.18
      2 35.19
     50 3.52
      1 35.2
      5 35.25
      1 35.26
      1 35.28
     81 3.53
      3 35.3
      2 35.32
      1 35.33
      3 35.35
      1 35.36
      1 35.38
   5822 3.54
      1 35.45
      3 35.48
      1 35.49
  15756 3.55
      1 35.56
      1 35.58
  29559 3.56
      4 35.66
      1 35.69
   1176 3.57
      2 35.7
      1 35.72
      1 35.75
      1 35.78
      1 35.79
  10109 3.58
      3 35.8
      1 35.81
      1 35.82
      4 35.86
      1 35.87
      2 35.88
     90 3.59
      2 35.9
      1 35.93
      3 35.94
      1 35.97
      1 35.98
    171 3.6
      7 36.0
      8 36.05
      4 36.06
      1 36.08
      2 36.09
     27 3.61
      1 36.12
      1 36.15
      3 36.16
      1 36.18
     52 3.62
      2 36.2
      3 36.24
      1 36.25
      1 36.27
      1 36.28
     69 3.63
      1 36.31
      1 36.36
      1 36.38
    726 3.64
      1 36.4
      1 36.42
      1 36.43
      3 36.45
      2 36.46
  13815 3.65
      1 36.5
      1 36.51
      1 36.56
      1 36.58
  27239 3.66
      1 36.6
      4 36.61
      1 36.65
      1 36.66
     25 3.67
      1 36.7
      1 36.71
      1 36.73
      2 36.76
      1 36.78
     80 3.68
      1 36.82
      1 36.84
      1 36.85
      1 36.86
   5201 3.69
      1 36.9
      2 36.92
      2 36.99
  14816 3.7
      7 37.0
      1 37.01
      1 37.03
      5 37.06
      1 37.08
     30 3.71
      1 37.13
      3 37.16
    916 3.72
      1 37.21
      1 372.36
      2 37.25
      2 37.28
      3 37.29
     67 3.73
      1 37.31
      1 37.35
      2 37.36
      4 37.38
    221 3.74
      1 37.44
      2 37.45
      1 37.48
  10548 3.75
      1 37.5
      1 37.56
      5 37.58
      1 37.59
  24518 3.76
      1 37.62
      1 37.63
      1 37.65
      1 37.68
      1 37.69
     11 3.77
      5 37.7
      1 37.74
      2 37.75
      2 37.76
      1 37.78
      2 37.79
    103 3.78
      2 37.8
      1 37.81
      1 37.88
     76 3.79
      2 37.93
      1 37.99
   6726 3.8
     14 38.0
      3 38.04
      2 38.05
      2 38.06
      1 38.08
     49 3.81
      2 38.1
      1 38.18
   6458 3.82
      5 38.2
      1 38.23
      1 38.28
   1774 3.83
      2 38.3
      1 38.32
      1 38.34
      2 38.36
   5020 3.84
      1 38.45
      1 38.46
      1 38.48
   9233 3.85
      1 38.55
      2 38.58
  22865 3.86
      1 38.6
      1 38.61
      1 38.64
      2 38.66
      1 38.68
    794 3.87
      1 38.72
      1 38.75
      1 38.76
      1 38.78
    237 3.88
      5 38.8
      3 38.85
      1 38.86
      2 38.88
     99 3.89
      1 38.9
      2 38.95
     82 3.9
      4 39.0
      1 39.04
      1 39.05
      3 39.06
     10 3.91
      2 39.16
    176 3.92
      3 39.2
      1 39.24
     45 3.93
      1 39.36
      1 39.38
    615 3.94
      2 39.46
  21009 3.95
      1 39.51
      1 39.55
      1 39.56
      1 39.58
  21330 3.96
      1 39.61
      1 39.66
      1 39.68
      7 3.97
      2 39.73
      3 39.76
      1 39.78
    102 3.98
      1 39.81
      2 39.84
      1 39.86
   4506 3.99
      1 39.9
      1 39.92
      2 39.95
      1 39.99
  31651 4.0
    178 40.0
      1 40.01
      3 40.04
      4 40.05
      5 40.06
      1 40.08
      1 40.09
    136 4.01
      1 40.1
      7 40.16
    696 4.02
      4 40.2
      1 40.22
      1 40.28
      1 40.29
     38 4.03
      1 40.3
      2 40.31
      1 40.32
      1 40.38
     88 4.04
      3 40.4
      1 40.44
      1 404.44
      1 40.46
      1 40.47
  10554 4.05
      2 40.56
      1 40.58
      1 40.59
  19496 4.06
      1 40.63
      2 40.66
     19 4.07
      1 40.71
      2 40.73
   7174 4.08
      1 40.82
      1 40.83
      1 40.86
      2 40.88
     55 4.09
      1 40.95
      1 40.96
   2574 4.1
      1 41.0
      1 41.02
      1 41.05
      1 41.08
     32 4.11
      1 41.12
      1 41.15
      1 41.18
      1 41.19
     36 4.12
      1 41.2
      1 41.21
      1 41.25
      1 41.28
     66 4.13
      1 41.3
      2 41.32
      1 41.35
      1 41.36
      5 41.38
   4080 4.14
      2 41.41
      1 41.44
      1 41.45
      1 41.47
      1 41.48
   7181 4.15
      2 41.5
  17835 4.16
      1 41.62
    538 4.17
      1 41.76
      2 41.78
    124 4.18
      1 41.8
      1 41.85
      2 41.86
      1 41.88
    205 4.19
      1 41.98
  10261 4.2
      3 42.0
      1 42.03
      1 42.05
      2 42.08
      1 42.09
     13 4.21
      1 42.15
      1 42.18
     32 4.22
      1 42.24
      2 42.25
     28 4.23
      1 42.3
      1 42.36
      1 42.37
      1 42.39
    391 4.24
      1 42.4
      1 42.45
      2 42.46
   8756 4.25
      1 42.53
      1 42.55
      1 42.58
  16360 4.26
      1 42.6
      6 4.27
      1 42.7
      1 42.73
      1 42.76
    241 4.28
      1 42.8
   3784 4.29
      1 42.91
      1 42.92
      1 42.95
      1 42.96
      1 42.98
   2344 4.3
      4 43.0
      1 43.03
      1 43.05
      3 43.06
     22 4.31
      1 43.12
   5045 4.32
      1 43.26
      2 43.28
      1 43.29
   1236 4.33
      1 43.36
     65 4.34
      2 43.46
      1 43.48
   6227 4.35
      1 43.55
  15269 4.36
      1 43.6
      1 43.61
      1 43.65
      1 43.66
      2 43.68
    111 4.37
      1 43.7
      1 43.75
    122 4.38
      1 43.88
     48 4.39
      1 43.95
      1 43.96
   2220 4.4
     12 44.0
      1 44.06
     38 4.41
      1 44.1
      1 44.15
      5 44.16
     23 4.42
      1 44.22
      2 44.28
     30 4.43
      2 44.35
      1 44.38
   3746 4.44
  12897 4.45
      2 44.58
  14464 4.46
      1 44.61
      1 44.66
    401 4.47
      1 44.7
    186 4.48
      1 44.81
      1 44.85
      2 44.86
     70 4.49
      2 44.98
   2039 4.5
     30 45.0
      1 45.01
      1 45.02
      2 45.05
      1 45.08
      1 45.09
      9 4.51
      1 45.12
      3 45.16
     29 4.52
      1 45.2
      4 45.24
      1 45.26
     21 4.53
      1 45.31
      1 45.36
      1 45.37
      1 45.38
      2 45.39
    295 4.54
      1 45.42
      1 45.49
   9054 4.55
      1 45.5
      2 45.55
      1 45.56
  13218 4.56
      1 45.61
      1 45.66
      2 4.57
      1 45.73
      1 45.76
   5177 4.58
      1 45.8
      1 45.84
      2 45.86
      1 45.88
      1 45.89
   3295 4.59
      1 45.9
     48 4.6
      5 46.0
      1 46.06
      1 46.08
     14 4.61
      1 46.16
      1 46.18
    330 4.62
      1 46.2
      1 46.25
     20 4.63
      1 46.31
      1 46.33
      1 46.36
    126 4.64
   4967 4.65
      1 46.58
  12149 4.66
      1 46.6
      1 46.66
      7 4.67
      1 46.7
      1 46.78
    188 4.68
      1 46.88
     31 4.69
      1 46.9
      1 46.95
   9065 4.7
      8 47.0
     47 4.71
      1 47.1
      1 47.12
     40 4.72
      3 47.2
    103 4.73
      1 47.3
      1 47.32
      1 47.39
   2989 4.74
   4709 4.75
      3 47.5
      1 47.53
      1 47.58
  11217 4.76
      1 47.66
      1 47.68
    269 4.77
      1 47.7
      1 47.73
    198 4.78
      1 47.8
     84 4.79
      1 47.98
   1987 4.8
      8 48.0
      1 48.05
      1 48.06
      1 48.09
     18 4.81
   3480 4.82
      1 48.26
      1 48.28
    905 4.83
      1 48.36
    202 4.84
      1 48.46
   5635 4.85
      1 48.54
      1 48.56
  10864 4.86
      1 48.66
     10 4.87
    278 4.88
      1 48.8
      1 48.81
      1 48.86
   2566 4.89
      1 48.96
      1 48.99
     44 4.9
      1 49.0
     82 4.91
      1 49.18
    233 4.92
      1 49.2
      1 49.27
     17 4.93
      1 49.32
    109 4.94
      1 49.48
   9804 4.95
   9679 4.96
      1 49.61
      7 4.97
      1 49.72
      1 49.79
    236 4.98
      1 49.85
      1 49.88
    114 4.99
      1 49.95
  52635 5.0
    140 50.0
      2 50.03
      4 50.05
      3 50.06
      3 50.08
     97 5.01
      1 50.15
      1 50.16
     19 5.02
      1 50.2
      1 50.23
     20 5.03
   2437 5.04
   5300 5.05
      2 50.5
      1 50.56
      1 50.58
   9070 5.06
      1 50.65
      2 50.66
      1 50.68
    179 5.07
      1 50.7
      1 50.76
   4334 5.08
      2 50.8
      1 50.82
      2 50.88
    198 5.09
      1 50.94
     44 5.1
      3 51.0
     10 5.11
      1 51.11
      1 51.19
     22 5.12
      1 51.28
     17 5.13
      1 51.33
    137 5.14
      1 51.45
   4410 5.15
      2 51.5
      1 51.58
   8360 5.16
      1 51.66
      4 5.17
      2 51.7
      2 51.78
    276 5.18
      1 51.84
      1 51.88
   2274 5.19
      1 51.96
   5437 5.2
      6 52.0
      3 52.06
      7 5.21
      1 52.15
    182 5.22
      1 52.21
      1 52.27
     25 5.23
    139 5.24
      1 52.48
   3119 5.25
      1 52.5
      2 52.55
      1 52.56
   7470 5.26
      1 52.61
      1 52.66
     50 5.27
      2 52.7
      1 52.71
      1 52.73
    245 5.28
      1 52.81
      1 52.85
      2 52.86
     45 5.29
   2292 5.3
      7 53.0
      1 53.01
    143 5.31
      1 53.16
      1 53.18
   2558 5.32
    637 5.33
      2 53.3
      1 53.38
   2128 5.34
   2891 5.35
      1 53.56
   6912 5.36
      1 53.66
      1 53.68
    121 5.37
      1 53.77
    229 5.38
      1 53.8
      1 53.84
    148 5.39
     56 5.4
      4 54.0
     16 5.41
      1 54.16
     13 5.42
      1 54.2
      1 54.24
      2 54.25
     15 5.43
      1 54.3
      1 54.36
    112 5.44
      1 54.45
   7703 5.45
   6394 5.46
      1 54.66
      1 54.67
      5 5.47
    274 5.48
   1904 5.49
   1315 5.5
     22 55.0
      1 55.05
     11 5.51
      2 55.11
    121 5.52
      1 55.2
    329 5.53
      1 55.3
      1 55.36
    151 5.54
   4140 5.55
      1 55.52
      3 55.55
   5799 5.56
     11 5.57
      1 55.7
      1 55.78
   3230 5.58
      1 55.8
      2 55.86
      1 55.88
     10 5.59
      1 55.9
    920 5.6
      4 56.0
    135 5.61
     18 5.62
      1 56.25
      1 56.28
     27 5.63
   1734 5.64
      1 56.42
   2231 5.65
   5413 5.66
      1 56.62
      1 56.66
     84 5.67
      1 56.7
    342 5.68
      1 56.82
      1 56.86
    138 5.69
      1 56.92
   3901 5.7
      3 57.0
     11 5.71
     56 5.72
      1 57.26
     45 5.73
     84 5.74
   2809 5.75
   4963 5.76
      1 57.62
      7 5.77
      1 57.76
      1 57.77
      1 57.78
    335 5.78
      1 57.88
   1704 5.79
      1 57.96
      1 57.99
   1345 5.8
      3 58.0
     29 5.81
      1 58.11
   1935 5.82
      1 58.25
    525 5.83
      1 58.33
    160 5.84
   1990 5.85
   4657 5.86
      3 5.87
    455 5.88
      1 58.8
      1 58.83
      1 58.89
    164 5.89
    798 5.9
      2 59.0
      1 59.08
    115 5.91
      1 59.11
     18 5.92
      1 59.26
     24 5.93
      2 59.35
   1561 5.94
      1 59.45
   5052 5.95
      1 59.56
   4231 5.96
      1 59.61
     59 5.97
      1 59.71
    460 5.98
    129 5.99
  10815 6.0
     44 60.0
      2 60.01
      2 60.05
      1 60.06
      2 60.08
      8 6.01
      1 60.16
     39 6.02
      1 60.26
     11 6.03
     64 6.04
   3092 6.05
      2 60.56
   3961 6.06
      1 60.6
      5 6.07
      1 60.7
   2606 6.08
   1332 6.09
      1 60.99
     68 6.1
      2 61.0
      1 61.03
     30 6.11
     83 6.12
     10 6.13
      1 61.37
      2 61.38
   1086 6.14
      4 61.42
   1572 6.15
   3388 6.16
      1 61.6
      1 61.68
     19 6.17
      3 61.7
      1 61.72
    436 6.18
     31 6.19
   3632 6.2
      8 62.0
      1 62.04
      1 62.05
      1 62.08
    109 6.21
      1 62.1
     19 6.22
     53 6.23
   1263 6.24
   1501 6.25
      2 62.55
   3244 6.26
     35 6.27
      1 62.7
    497 6.28
    142 6.29
    709 6.3
      1 63.0
      9 6.31
   1375 6.32
    347 6.33
      1 63.36
     76 6.34
   2041 6.35
      1 63.56
      1 63.58
   3141 6.36
      1 63.63
      1 63.65
      1 63.72
    664 6.38
   1139 6.39
     37 6.4
      4 64.0
      6 6.41
      1 64.1
      1 64.18
     44 6.42
     14 6.43
      1 64.33
    103 6.44
   3529 6.45
      1 64.56
      1 64.59
   2757 6.46
      1 64.61
     14 6.47
    792 6.48
     13 6.49
   1219 6.5
     15 65.0
     93 6.51
      1 65.11
      1 65.16
     22 6.52
      1 65.2
      2 65.27
     22 6.53
   1130 6.54
   1942 6.55
      1 65.55
   2531 6.56
     39 6.57
   2433 6.58
      1 65.82
    275 6.59
      3 65.92
    203 6.6
      4 66.0
     28 6.61
     24 6.62
     11 6.63
     51 6.64
      1 66.45
   1849 6.65
      1 66.54
   2452 6.66
     11 6.67
      4 66.7
      1 66.73
   1036 6.68
   1065 6.69
   2159 6.7
      3 67.0
     27 6.71
     58 6.72
     68 6.73
      1 67.32
     79 6.74
      1 67.4
      1 67.41
      1 67.49
   1377 6.75
   2136 6.76
      1 67.66
      4 6.77
      1 67.76
   1119 6.78
      1 67.83
      1 67.86
     14 6.79
    998 6.8
      1 68.0
     63 6.81
      1 68.11
    964 6.82
      1 68.26
    283 6.83
      1 68.31
      1 68.32
   1001 6.84
      1 68.4
      1 68.42
   1272 6.85
      1 68.56
   2052 6.86
      1 68.64
      1 68.66
     25 6.87
   1293 6.88
      1 68.82
     70 6.89
     45 6.9
      1 69.0
     12 6.91
     41 6.92
      1 69.2
      5 6.93
     28 6.94
   3406 6.95
      2 69.58
   1977 6.96
      1 69.65
      2 6.97
   1337 6.98
    900 6.99
   7358 7.0
     23 70.0
      2 70.05
      1 70.06
     32 7.01
     45 7.02
      1 70.29
     20 7.03
      1 70.38
     55 7.04
   1655 7.05
      2 70.5
   1751 7.06
      1 70.66
     26 7.07
      1 70.7
   2498 7.08
      1 70.8
      6 7.09
    487 7.1
      2 71.0
     81 7.11
     24 7.12
      7 7.13
    845 7.14
      1 71.42
      1 71.48
   1154 7.15
   1589 7.16
      1 71.64
     33 7.17
   1393 7.18
     72 7.19
   1556 7.2
      2 72.0
      1 72.08
     26 7.21
     31 7.22
     79 7.23
      1 72.3
     25 7.24
   1543 7.25
      1 72.58
   1542 7.26
      1 72.66
      2 7.27
   1530 7.28
      1 72.8
    773 7.29
    393 7.3
      2 73.0
     16 7.31
    768 7.32
    198 7.33
     52 7.34
   1245 7.35
   1501 7.36
     90 7.37
   1524 7.38
      1 7.39
      1 73.98
    335 7.4
     54 7.41
     20 7.42
      1 74.2
     15 7.43
      1 74.3
    702 7.44
   2427 7.45
      1 74.58
      1 74.59
   1457 7.46
      1 74.66
     18 7.47
   1752 7.48
     45 7.49
    806 7.5
     11 75.0
     18 7.51
     41 7.52
      1 75.2
      5 7.53
     24 7.54
   1820 7.55
   1303 7.56
      1 75.6
      3 7.57
      3 75.75
   2453 7.58
    688 7.59
      1 75.9
      1 75.99
    135 7.6
      1 76.0
     41 7.61
     42 7.62
      1 76.2
     19 7.63
     42 7.64
   1182 7.65
   1129 7.66
      2 7.67
      1 76.7
   1624 7.68
      2 7.69
   1654 7.7
      3 77.0
     54 7.71
      1 77.17
     21 7.72
    115 7.73
    598 7.74
      1 77.41
   1172 7.75
      1 77.51
   1110 7.76
     46 7.77
      1 77.77
   1716 7.78
     37 7.79
    361 7.8
     15 7.81
    547 7.82
    149 7.83
     22 7.84
   1385 7.85
   1133 7.86
      1 7.87
      1 78.7
   1691 7.88
      1 78.88
    541 7.89
      1 78.99
     37 7.9
      1 79.06
     41 7.91
     60 7.92
     20 7.93
      1 79.32
     28 7.94
   2007 7.95
   1014 7.96
      1 79.65
      5 7.97
   1834 7.98
      1 79.88
      7 7.99
      1 79.91
   8386 8.0
     26 80.0
      1 80.06
      1 80.08
     32 8.01
      1 80.1
     28 8.02
      1 8.03
      1 80.34
    556 8.04
   1297 8.05
   1000 8.06
      2 80.66
    131 8.07
   2310 8.08
      1 80.8
      1 80.84
      1 80.88
     28 8.09
    220 8.1
     55 8.11
     26 8.12
      3 8.13
     15 8.14
   1434 8.15
    924 8.16
      1 8.17
   1738 8.18
      1 81.8
    484 8.19
    763 8.2
      3 82.0
      6 8.21
     40 8.22
    202 8.23
     22 8.24
   1019 8.25
    817 8.26
      1 82.66
     12 8.27
   1664 8.28
      1 82.8
     11 8.29
   1000 8.3
      1 83.0
     42 8.31
      1 83.1
      1 83.15
    496 8.32
     20 8.33
      1 83.36
    458 8.34
   1055 8.35
   1050 8.36
     21 8.37
   1650 8.38
     13 8.39
    205 8.4
     16 8.41
     34 8.42
      4 8.43
     14 8.44
   1664 8.45
      1 84.54
    860 8.46
      2 8.47
   1832 8.48
    400 8.49
    271 8.5
      6 85.0
     16 8.51
     41 8.52
     26 8.53
     30 8.54
      1 85.4
      1 85.44
   1046 8.55
    841 8.56
    112 8.57
   2235 8.58
      1 85.8
      2 8.59
      1 85.96
    543 8.6
     74 8.61
     16 8.62
      7 8.63
      1 86.3
      1 86.32
    355 8.64
   1020 8.65
    759 8.66
      4 8.67
   1531 8.68
     17 8.69
      1 86.93
    668 8.7
     17 8.71
     22 8.72
    294 8.73
      1 87.33
     10 8.74
    992 8.75
    792 8.76
      3 8.77
   1434 8.78
      1 87.88
    354 8.79
    390 8.8
      3 88.0
      1 88.08
     16 8.81
    427 8.82
     29 8.83
    290 8.84
   1047 8.85
      1 88.58
    977 8.86
      3 8.87
   1500 8.88
      1 88.8
      2 88.88
      7 8.89
    317 8.9
     11 8.91
     14 8.92
      5 8.93
    319 8.94
      1 89.4
   1263 8.95
    693 8.96
    101 8.97
   1745 8.98
     16 8.99
   2239 9.0
     13 90.0
      1 90.09
     13 9.01
     36 9.02
      2 9.03
      1 90.3
     13 9.04
      1 90.45
   1053 9.05
    796 9.06
     81 9.07
   1614 9.08
    319 9.09
    487 9.1
     14 9.11
     23 9.12
      1 91.25
     38 9.13
      1 91.37
     16 9.14
      1 91.41
      1 91.45
    832 9.15
    746 9.16
      2 9.17
   1211 9.18
      3 9.19
    664 9.2
      1 92.0
   1885 9.21
     25 9.22
    363 9.23
    301 9.24
    688 9.25
    604 9.26
     11 9.27
   1162 9.28
      5 9.29
      1 92.95
    159 9.3
     11 9.31
    346 9.32
     12 9.33
     13 9.34
    961 9.35
    837 9.36
   1059 9.38
    274 9.39
    148 9.4
      1 94.0
     15 9.41
     21 9.42
     42 9.43
     14 9.44
   1037 9.45
    473 9.46
   1404 9.48
      1 9.49
    225 9.5
      3 95.0
     53 9.51
     21 9.52
      3 9.53
    254 9.54
    654 9.55
      1 95.57
    497 9.56
     63 9.57
      1 95.7
   1301 9.58
     12 9.59
    635 9.6
      1 96.0
     16 9.61
      9 9.62
      1 9.63
      1 96.32
      6 9.64
    762 9.65
      1 96.58
    514 9.66
      1 9.67
      1 96.7
    939 9.68
    226 9.69
      1 96.95
    499 9.7
      1 97.0
      7 9.71
     17 9.72
    459 9.73
      6 9.74
    473 9.75
    436 9.76
      4 9.77
    899 9.78
      1 9.79
    231 9.8
      1 98.08
     12 9.81
    276 9.82
     30 9.83
    217 9.84
    749 9.85
    758 9.86
     11 9.87
      1 98.76
      1 98.79
    881 9.88
    373 9.89
    153 9.9
      6 99.0
      5 9.91
      1 99.1
      1 99.11
     10 9.92
      1 9.93
      7 9.94
    993 9.95
    381 9.96
      3 9.97
   1200 9.98
    224 9.99
      2 99.99
      1 tip_amount
